1629916
1630372
1630522
1630656
1630773
1630948
1631094
1631210
1631385
1631545
1631583
1631722
1631751
1631874
1632000
1632024
1632140
1633060
1633196
1633368
1633497
1633569
1633692
1634367
1634492
1634640
1634778
1634892
1635266
1635389
1635586
1635721
1635842
1635995
1636118
1636341
1636458
1636510
1636631
1637460
1637583
1637609
1637711
1637943
1638056
1638373
1638483
1638967
1639062
1639190
1639308
1639336
1639451
1639805
1639959
1640167
1640368
1640521
1640652
1640761
1640786
1640909
1641078
1641187
1641305
1641419
1641471
1641622
1641758
1641865
1642189
1642304
1642462
1642576
1643014
1643129
1643166
1643294
1643634
1643745
1643939
1644123
1644604
1644715
1644827
1644939
1644951
1645157
1645270
1645292
1645411
1645582
1645701
1645853
1645972
1646411
1646529
1647194
1647346
1647471
1650052
1650167
1650668
1650780
1650812
1650843
1651154
1651277
1651393
1651435
1651547
1651705
1651737
1651849
1652012
1652664
1652927
1653038
1653182
1653301
1653812
1654422
1654535
1654659
1654803
1654941
1654967
1657466
1657522
1657617
1657730
1658532
1658678
1658788
1658956
1659071
1659120
1659258
1659380
1659615
1659741
1659932
1660055
1660728
1660838
1661122
1661718
1661757
1661862
1662194
1662251
1662389
1663780
1663809
1663919
1664087
1664207
1664379
1664497
1664672
1664722
1664787
1665431
1666059
1666196
1666306
1666467
1666581
1666876
1666993
1667160
1667273
1668683
1668799
1668922
1669522
1669635
1669748
1670123
1670254
1670371
1670946
1671071
1672777
1672811
1672926
1673087
1673201
1673521
1673643
1673994
1674108
1675128
1675245
1675359
1675585
1675700
1675777
1675898
1675920
1676050
1676162
1676464
1676576
1677284
1677400
1678555
1678796
1678923
1679089
1679203
1679401
1679522
1679637
1679748
1679955
1680098
1680266
1680401
1680523
1680861
1680975
1681632
1681749
1682595
1682889
1682949
1683092
1683733
1683901
1684048
1684165
1684395
1684543
1684663
1685370
1685479
1685683
1685834
1686217
1686325
1686458
1686575
1688417
1688439
1688549
1688707
1689167
1689290
1689310
1689426
1689591
1689718
1689889
1690003
1690183
1690325
1690474
1690593
1690670
1690793
1690878
1691034
1691127
1691252
1691407
1691546
1691657
1691683
1691803
1691915
1692061
1692181
1692208
1692344
1692474
1693301
1693415
1693657
1693768
1694007
1694121
1694293
1694412
1694437
1694599
1694848
1694967
1695412
1695537
1696418
1696539
1696578
1696709
1697115
1697230
1697249
1697362
1697396
1697516
1697683
1697808
1697955
1698082
1698961
1699116
1699194
1699348
1699616
1699728
1699939
1700080
1700224
1700339
1700499